42 0.1 43 0.1 44 0.5 45 0.7 46 0.7
40 0.2 41 0.3 42 0.4 43 0.6 44 0.5
45 0.3 46 0.4 47 0.5 48 0.6 49 0.7
38 0.2 39 0.3 40 0.4 41 0.5 42 0.6
50 0.1 51 0.2 52 0.3 53 0.4 54 0.5
35 0.1 36 0.2 37 0.3 38 0.4 39 0.5
48 0.2 49 0.3 50 0.4 51 0.5 52 0.6
37 0.1 38 0.2 39 0.3 40 0.4 41 0.5
33 0.2 34 0.3 35 0.4 36 0.5 37 0.6
47 0.3 48 0.4 49 0.5 50 0.6 51 0.7
39 0.2 40 0.3 41 0.4 42 0.5 43 0.6
34 0.1 35 0.2 36 0.3 37 0.4 38 0.5
49 0.2 50 0.3 51 0.4 52 0.5 53 0.6
36 0.2 37 0.3 38 0.4 39 0.5 40 0.6
32 0.1 33 0.2 34 0.3 35 0.4 36 0.5
46 0.3 47 0.4 48 0.5 49 0.6 50 0.7
41 0.2 42 0.3 43 0.4 44 0.5 45 0.6
